,y
0,1
1,0
2,1
3,1
4,1
5,1
6,1
7,1
8,0
9,1
10,1
11,1
12,0
13,1
14,0
15,1
16,1
17,1
18,0
19,0
20,1
21,0
22,1
23,1
24,1
25,1
26,1
27,1
28,1
29,1
30,0
31,0
32,1
33,0
34,0
35,1
36,1
37,0
38,0
39,1
40,1
41,0
42,1
43,1
44,1
45,0
46,0
47,1
48,0
49,0
50,1
51,0
52,0
53,0
54,1
55,1
56,1
57,1
58,0
59,1
60,1
61,1
62,1
63,1
64,0
65,0
66,1
67,1
68,0
69,1
70,1
71,0
72,0
73,1
74,1
75,1
76,1
77,1
78,1
79,1
80,1
81,1
82,1
83,1
84,0
85,1
86,0
87,1
88,1
89,1
90,1
91,1
92,1
93,0
94,1
95,1
96,1
97,0
98,0
99,1
100,0
101,0
102,0
103,1
104,1
105,1
106,1
107,1
108,1
109,1
110,1
111,1
112,1
113,0
114,1
115,1
116,1
117,0
118,1
119,1
120,1
121,1
122,1
123,0
124,1
125,1
126,1
127,1
128,0
129,0
130,0
131,0
132,0
133,0
134,0
135,0
136,0
137,0
138,0
139,0
140,0
141,0
142,0
143,0
144,0
145,0
146,0
147,0
148,0
149,0
150,0
151,0
152,0
153,0
154,0
155,0
156,0
157,0
158,0
159,0
160,0
161,0
162,0
163,0
164,1
165,1
166,1
167,0
168,0
169,0
170,0
171,1
172,1
173,1
174,1
175,1
176,1
177,0
178,1
179,1
180,0
181,0
182,0
183,0
